.Random.seed <-
c(403L, 10L, -27287829L, -1209946231L, -2001523944L, -1546805690L, 
618000033L, -300895949L, -1492123486L, -193081452L, 891043351L, 
491358733L, -1772601564L, 655846154L, 1154229877L, 361362895L, 
1753718486L, -399850880L, 1793174723L, 1677412961L, -901987632L, 
-1162537938L, -1935066663L, 1740604907L, -889401254L, -2146336228L, 
-277204193L, 1117013877L, 107613708L, -1613383710L, 804986045L, 
-891725001L, -1765719074L, -158482152L, -111516549L, 1751235097L, 
643599016L, 1696407638L, 518798545L, -469161853L, 91036434L, 
-10436956L, 1924254311L, -1446558787L, -498860748L, -2133281126L, 
-100801307L, -1237461377L, -103145466L, -577174640L, 1960832563L, 
35118545L, 501219200L, -623087010L, 360401321L, 2043226203L, 
1311477866L, 1697890572L, -1796498609L, -1162139643L, 564139708L, 
118689682L, -1042047859L, 947432135L, 1123052462L, 1291535880L, 
-1555391989L, -126428439L, 483526072L, -1421172122L, 1730432769L, 
297052563L, -78036414L, 600196596L, 876240887L, -1974279187L, 
-801518460L, 295006890L, 1082705941L, 947908783L, 1630461622L, 
-299512608L, 672641059L, 1774849857L, 1433104944L, 515739726L, 
1699434681L, -2114575157L, -168367750L, -1729792900L, -1919680321L, 
-1148476011L, -43002452L, -1981993086L, -1554295459L, -1212093353L, 
333466430L, 191042424L, 202735707L, -829143111L, -247376376L, 
1003971766L, -1008663567L, -374223325L, 1719201394L, -1898523452L, 
-845405561L, -842016163L, 1127996500L, 1519728250L, -1561967163L, 
1562601247L, -1920826714L, -2000509904L, 48371411L, 1597224177L, 
-1359179744L, -351680834L, -1844325687L, 275130491L, -704919990L, 
-1019313492L, 1504548271L, -967445147L, 848151324L, 826894194L, 
-889799699L, -337245145L, -1291930546L, 1015552168L, -740624725L, 
-582786103L, -863567912L, -108521850L, 1399050081L, 50987763L, 
1527807330L, 971578324L, -1383309609L, -938187571L, -169286556L, 
-951063990L, 893906869L, 699437839L, 513683478L, -1519797568L, 
1870879875L, 1796257L, 230702736L, -295404178L, 1716931353L, 
2001047467L, 1282469274L, -1000990372L, -452579233L, -915275723L, 
-1680419892L, -1782425822L, -1040094851L, -1941798281L, -952894562L, 
1907305048L, 79627195L, -1929493159L, -167076120L, 1553833750L, 
1581789329L, 981699907L, -1509173166L, 742058724L, 73182503L, 
489485693L, 1897749620L, -1761229222L, 1074135717L, -1261090625L, 
1877506886L, 661408208L, 556555251L, 1736180497L, -1774415040L, 
-1903346914L, -137133079L, 433457435L, -909401302L, -609295284L, 
1634266127L, -946092219L, 400421116L, -1662795950L, 1011626189L, 
-2108931961L, -1538022546L, -1780263608L, -2032803509L, 1829229737L, 
573810168L, -1935831770L, -1345163711L, -751474733L, 57425282L, 
1042698676L, -1285096137L, 1618524205L, 1132569924L, 847553130L, 
-1595814699L, -293434769L, -1641037962L, -1109262176L, -870868637L, 
1179474433L, -1502230160L, -1463846642L, 1362152313L, -2055060725L, 
1818119226L, -1031640260L, 987578495L, -1669864491L, 1866993132L, 
-651714750L, -347037539L, -257484521L, 1009414270L, -1012479944L, 
-285483237L, 502606969L, 1405170888L, 1579185632L, -2014086110L, 
1455797544L, -1265590004L, -1930351044L, -56920846L, 111253744L, 
-811604156L, -186011560L, 1086421562L, 1145219312L, 1468478140L, 
-870809068L, 444677314L, -188447136L, -1784253060L, -1796588336L, 
620981282L, 132085928L, -2133025396L, 964950460L, 1874311218L, 
1147333440L, -1803684172L, 1730113864L, 1047585466L, -1708001520L, 
-1746810644L, -847718316L, -1123021038L, 1986703776L, -2108829748L, 
758282080L, 706290882L, -2032701912L, 1758448044L, -1239055556L, 
-795339918L, -1473472720L, -321091548L, -1186636232L, -813497638L, 
640341904L, -1767584516L, 1857971604L, -1017711806L, 2084534784L, 
-1210935236L, -1127728560L, 820666530L, -1315585208L, -1985834484L, 
-499371300L, 1461807186L, -1939366784L, 721235796L, 1422163944L, 
-1023776006L, -1493156016L, 99533868L, 1287250292L, 1067914898L, 
-1124599200L, 1613207692L, 955042144L, -752363294L, -891386712L, 
-2047324468L, -1713710596L, 932864946L, 1603107824L, 633625028L, 
-360845992L, -712521350L, 1916975536L, 1396212156L, -197542316L, 
1795647938L, -387183840L, -1331389508L, -415129520L, 1901192162L, 
-2132801688L, 1655250764L, -889684228L, -1206878478L, 112884992L, 
-1409928076L, 1949179400L, -875373126L, 1586087376L, -1505796116L, 
1914993556L, -1893216046L, -1054094240L, 1204131148L, -918344928L, 
-1795966334L, 34939368L, 310256620L, 644744764L, -1203650958L, 
-1124117648L, -439808732L, 350571064L, -1236766310L, -518535728L, 
2026239420L, 1670194836L, 1881031298L, 1861690816L, -2133110980L, 
-480873840L, 95225634L, 603887112L, -438349044L, 1446546332L, 
652780562L, 893629312L, -224662764L, -1859574488L, -1356025798L, 
-813427760L, 1984367212L, 1556868148L, -1173497710L, 61702496L, 
25238860L, 297274848L, -120917086L, 1315396520L, -35001204L, 
-1134902340L, 728247410L, -1016854544L, 677934148L, 1919174744L, 
-1733058502L, 212865136L, -1075902916L, -120977644L, 1702124226L, 
-969637152L, -295113604L, -1900155696L, 1103723426L, -1476661720L, 
-770406132L, -1470081092L, 254368050L, -639713088L, -257461708L, 
1864485576L, -996234566L, 392344720L, -1016097044L, 1723891284L, 
-1816459630L, 357517088L, 1834973132L, -1552367392L, -2071986494L, 
218575912L, 102013868L, -1091519812L, 1519618546L, 1052956208L, 
296236964L, -62688840L, 1101890394L, -1261996912L, -1986024580L, 
-1621825772L, -1227961022L, -315232512L, 642765756L, -354234544L, 
1518209314L, 812507720L, -989687796L, 370594908L, 1088106962L, 
1686289920L, -2016566956L, -210186008L, -362520326L, -1238874416L, 
-569388756L, -500539148L, -1269822062L, 1827920224L, -726935540L, 
1549058784L, 1209772642L, -768097624L, -782767540L, 1063645052L, 
-424635086L, -2044893584L, 400978756L, 2046584792L, 1645741946L, 
-1978747344L, 1897785276L, 167229012L, -1915760574L, 194343072L, 
-2020690244L, 1366714832L, 1723319138L, 77898472L, -1335770932L, 
-1145839108L, -1300631054L, -1161098624L, -1794572L, -15321464L, 
-1551245510L, -757247152L, -1663964052L, 1329168788L, -574147502L, 
-2135490080L, -1218749236L, 1399309472L, 1590752642L, -2120890136L, 
1274173434L, 434203695L, 1032473657L, 1515806286L, -897290596L, 
1163863053L, 1295005815L, 534524032L, -665794850L, -339247701L, 
1210379949L, -346451174L, -1328534568L, -997009343L, -1673312525L, 
379676948L, -2082464606L, -348644937L, 2098937217L, 302209926L, 
1525381572L, -552341259L, 1683390815L, 269405112L, 149470870L, 
-1448744797L, -18820507L, 826251138L, -175919888L, 2129921177L, 
1711504523L, 1242170748L, 226378666L, -1016130593L, -1892845207L, 
-1233873538L, -1942243988L, 1087581629L, -817066361L, 1999493744L, 
-1939627762L, 485338683L, 2035850525L, 1232578506L, 1788678376L, 
1216750545L, 1212810691L, 1468866244L, -1300896398L, -1201620921L, 
-43570159L, 1956646294L, -1376792332L, -1619395963L, -1668697137L, 
-1518044472L, 869858150L, 317555091L, -1501885707L, -68279598L, 
144166176L, -81631991L, -1673289157L, -932350068L, 134764058L, 
1753845391L, -1429288487L, 1386036846L, -1191322116L, -438245523L, 
882200855L, -610009888L, -462409026L, 435126411L, 1983897357L, 
-680530118L, -1236228232L, -275530463L, -1553736237L, 1319132404L, 
-102476414L, -2039820265L, -1594640671L, -621563866L, -1326619356L, 
271683029L, 1020129663L, 44199960L, 331255606L, 1169693123L, 
1893963781L, 284302242L, 832948112L, 928817977L, -319113237L, 
-1856120612L, -670807798L, 1437906943L, 768585L, -679714850L, 
731230092L, 1117642589L, -285571225L, 1917238416L, 712987310L, 
1652264795L, -2004590787L, -986489430L, 1007202888L, -1300917647L, 
878044131L, 123244260L, -1741154798L, -1952013849L, 139206065L, 
1713155062L, 1503700500L, -1688975067L, 1583297071L, 1368123368L, 
-766062394L, 1959200115L, -751923755L, -1813745230L, 86626176L, 
2057294697L, 337688539L, -1507918036L, 815296826L, 1274499055L, 
1154898553L, 1782992142L, -1252858660L, -24642739L, -32435529L, 
-813866944L, 294904094L, 193596395L, 242284397L, 1099251162L, 
-1045500008L, -1034568191L, -1303457869L, 1045462740L, -511784990L, 
