.Random.seed <-
c(403L, 10L, 433860467L, 1930898402L, -1156152492L, 1727696471L, 
-1672260019L, 1321724388L, -1250130998L, 758310453L, 1156877455L, 
-2130106986L, 1682241856L, -999951357L, 2117125665L, -1725214448L, 
-1428627730L, 1640907417L, -399148245L, 185337370L, 1183640796L, 
-15392545L, -255717707L, 1185040460L, -1161243486L, 2079441917L, 
1666515191L, 1773717022L, -272058152L, 1968794683L, -1652558375L, 
-835382424L, -368337258L, -1107912687L, -2065466941L, 1542538706L, 
-1647498140L, -2077279321L, 692458749L, 347549940L, 734881754L, 
-338404571L, -365385153L, 755872198L, -2099567024L, 1705982579L, 
800095889L, 782165696L, -157249378L, 252705897L, -1565210469L, 
453495210L, 2029629900L, 84302991L, -1150937915L, 1658909820L, 
1658022098L, 1289750605L, 880214279L, -1858317074L, 617070024L, 
11813579L, 303467305L, -1530369160L, 1286230182L, -771962175L, 
-1061807277L, -1216518142L, -643742412L, 90476215L, -615296339L, 
1439048644L, -1888867350L, -1813097387L, -244307473L, 143208950L, 
89515808L, -1675740957L, -215265919L, 2037705712L, -532344178L, 
243090937L, -961390709L, -2068945990L, -1566999876L, -172158465L, 
-931496107L, -1730160532L, -599757630L, -1169602787L, -2058814057L, 
11574526L, 267388600L, -674031461L, 90609401L, 1255946312L, -98194570L, 
-458641743L, -1428029725L, 1845407154L, -409758204L, -478204601L, 
-247502819L, -1247777132L, 306521658L, -1865799547L, 1344675167L, 
593999334L, 1071836272L, 512454547L, -1523054543L, -745322784L, 
1418309502L, -1493408247L, 69586491L, -999624694L, -1234284564L, 
827565167L, 108182437L, 2003393372L, 1767737138L, 417125933L, 
568253671L, 934850062L, -1841212440L, 214027755L, -1894246775L, 
-875403752L, -649679546L, 1572440993L, -1115920845L, -605307998L, 
2097704596L, -989254377L, -1815479539L, 2142341668L, -1278873078L, 
-25465995L, -1342034225L, -476831274L, 1169722752L, -786397757L, 
1155162977L, 2398672L, -1658703570L, 1188468953L, -361524501L, 
-759988390L, 1954326812L, -312647649L, 1413762165L, -2020796148L, 
570356962L, -1408213571L, 464144951L, -1799866146L, 1148056600L, 
-1507865733L, 1407900441L, -636123224L, -297842858L, -1750655023L, 
118455171L, -1682883054L, -2009376348L, -52052633L, 2078442173L, 
-1812594124L, -1939293798L, -49928731L, -400793217L, -360101626L, 
-609561968L, -893390029L, 1870948561L, -2009200000L, 1969134430L, 
1930553513L, -1413452965L, 303692138L, -2127205364L, 1479265359L, 
534011141L, -141042244L, -1472120686L, -1598465139L, -1749623865L, 
-299695954L, 1867436296L, -1840918773L, 482949609L, -1401127240L, 
-899782298L, 1654336001L, 1055204499L, 1105870658L, -435572492L, 
1393192183L, 1619256557L, 730584964L, -791090774L, -130134251L, 
-1712190033L, -1666656842L, 1985219552L, -106331357L, 1223468097L, 
1456863024L, 1078392142L, -1780779079L, -2134691381L, -1884392838L, 
742651772L, 695531455L, -1080754027L, 1468698284L, 593525890L, 
40209501L, -791047337L, 2079485502L, 1940890232L, 273928539L, 
-1170865991L, 2036912392L, -252320842L, 1042473201L, -491022557L, 
-622710414L, 1209533380L, 1369424242L, -714917648L, -168257468L, 
-655801000L, -1370527174L, -605409424L, -500069316L, -700378348L, 
565704130L, 1702862560L, 343182204L, 599376592L, 1597684898L, 
943464488L, -84518644L, -489833540L, -1611461326L, -436182592L, 
995891764L, 903540680L, -2000352070L, -445869680L, -1208872468L, 
-73693612L, 863573138L, -200670432L, -1729699380L, -1880717856L, 
-1625033022L, 97286184L, -1518803284L, 271716540L, -1707409934L, 
-2031112912L, -1655675740L, 1581419192L, 872397146L, -812185200L, 
2029860732L, 1353967892L, -759079102L, -1290211584L, -453815364L, 
-1360469168L, 1950764834L, -506940088L, -1468109300L, -602535844L, 
-678801198L, -349446656L, 1319706964L, -92443160L, -760501254L, 
-1872814896L, 185620780L, -1723967756L, 1424596370L, 1103040608L, 
269219084L, -1448031520L, 1135873378L, 461537960L, 370985548L, 
1307940220L, -1952372430L, 1878432880L, -51836092L, -1992408616L, 
-1737497478L, -277821904L, -779959620L, 2002047828L, -585392062L, 
-2142664288L, 728938172L, 1126944208L, -761148062L, -2060720152L, 
-119873588L, -1244642564L, -430537230L, 1438874752L, -1311016716L, 
1693768328L, -1558549702L, 817862480L, -105473428L, 1153018004L, 
-1151680174L, -942831904L, 123147980L, 1959377056L, 2035365762L, 
-17955096L, -981090580L, 1413808188L, -1788279182L, -114723728L, 
-1161250268L, 1965582392L, -1781649382L, 1114244816L, 2112355388L, 
1296202900L, 1535256706L, -1518903360L, 1107028284L, -2095462768L, 
-1179951070L, 1291696136L, 882203788L, 1550873628L, 1415637650L, 
1937879168L, -1501625324L, -1560905432L, 259570234L, -1361660720L, 
1801426028L, -875090252L, 374089746L, -1029470240L, -1309940788L, 
-15884832L, -1862319582L, 1928113448L, -761445108L, -694157764L, 
-1983467278L, 1336266480L, 1112117060L, 1040776792L, -1930794438L, 
-374657296L, -481308484L, 40161812L, -1733438270L, 70677600L, 
1146166652L, 1028247760L, 1493599266L, -1848983896L, -1289731188L, 
-1246483012L, -191357902L, 201369408L, 1784071348L, 1231456072L, 
1632881338L, 1660673808L, 1978563820L, 86721620L, 2038861586L, 
615593888L, 682546124L, 1446499168L, 1402422466L, 646911528L, 
-852929108L, 70404924L, 1849145202L, 862770992L, -1621936604L, 
1579664440L, 217964762L, 343324048L, -1365083396L, 264123284L, 
-209275070L, 2107268608L, -2144459204L, 1831332432L, 1941345954L, 
989995848L, 1705169420L, -653739812L, -2052818350L, -2028384128L, 
-439612588L, -1402190360L, 1476460282L, 453323600L, -535860180L, 
1282697588L, -1889700206L, 1861725792L, 1871881868L, 292296544L, 
1527757538L, 1692250280L, -190513972L, -964763140L, 527171506L, 
-481973776L, -1909234236L, -1021117608L, 2025009018L, -1752967760L, 
-850897476L, 599737428L, -1685927998L, 2091304736L, 1417886652L, 
1686328912L, 2089617890L, -1703864984L, 770739532L, 468448508L, 
-419849486L, 1413530368L, 766103156L, -1778297848L, -2145887814L, 
-463146032L, 1132922348L, -2003177580L, -335397166L, -205231520L, 
1095581004L, -1449639648L, -4456830L, -960956952L, -541027348L, 
-1812735428L, -1963813262L, 2066918256L, 574427428L, -1139667763L, 
-2034174921L, 1957183168L, -1763620450L, 1184469611L, -1697121811L, 
37677146L, -208840936L, -794010495L, 1280010803L, -1445595052L, 
493173858L, -928320777L, 197623105L, 579849158L, -358262524L, 
885217461L, -1500657761L, -350967816L, 64821718L, 808460387L, 
-798731227L, 20915138L, -262530896L, -193956647L, -609611189L, 
1419063484L, -1768675606L, 1345672991L, 138364841L, 2046046526L, 
463550508L, 625247869L, -433338169L, 1479730608L, 152977358L, 
-1256372997L, -845483171L, -1269909366L, 2028193448L, 1100425745L, 
-1872741629L, 594742788L, -1141686734L, -2084651385L, -1426418991L, 
1538499670L, -1644729292L, 1501318981L, -1106618993L, -64776952L, 
-811161818L, 515426259L, -31332043L, -166436718L, -749002656L, 
-1120381495L, 1618455803L, -1292983604L, -789649574L, -53759409L, 
1922766617L, -2066505426L, 1023705916L, 400132269L, 1932004183L, 
1727184544L, -1148913666L, 1368301259L, -610406195L, 1815516154L, 
1394221112L, 219314657L, -240074093L, -891303756L, 1412749762L, 
1615888855L, -1606357471L, 237856230L, -1737491228L, 571753493L, 
945189951L, 1918598104L, 8007158L, 983125507L, 754297157L, 1242688866L, 
1728286416L, 1410623993L, -1709278933L, -120356196L, 342730954L, 
-1460076097L, -1465514743L, 523470366L, 552590284L, 2039282077L, 
-1307110361L, 1877908048L, 442918638L, 1809727387L, 1301122557L, 
-1387794198L, 83293064L, -1115841231L, -1393228381L, -1901121116L, 
-1031052206L, 2010251175L, 1322236913L, -39567562L, 1562352596L, 
-1997508251L, 1404415343L, 1917300648L, -21297914L, -1007104973L, 
-643814763L, -65266958L, -914586816L, -2046351191L, -919708389L, 
659639020L, -1979853062L, 1956742959L, 1256597305L, 940677454L, 
-239892580L, 1252295949L, 445255543L, -1093014656L, 1279934942L, 
2001860267L, -425469523L, 1281207834L, 2081018072L, 144637249L, 
